0.00000000 3.72121815 0.01259073
1.00000000 3.71121831 0.01259072
2.00000000 3.70121848 0.01259073
3.00000000 3.69121864 0.01259072
4.00000000 3.68121881 0.01259073
5.00000000 3.67121897 0.01259072
6.00000000 3.66121914 0.01259073
7.00000000 3.65121930 0.01259073
8.00000000 3.64121946 0.01259072
9.00000000 3.63121963 0.01259073
10.00000000 3.62121979 0.01259497
11.00000000 3.61121996 0.01259923
12.00000000 3.60122012 0.01260347
13.00000000 3.59122029 0.01260773
14.00000000 3.58122045 0.01261198
15.00000000 3.57122061 0.01261622
16.00000000 3.56122078 0.01262048
17.00000000 3.55122094 0.01262472
18.00000000 3.54122111 0.01262898
19.00000000 3.53122127 0.01263322
20.00000000 3.52122144 0.01263748
21.00000000 3.51122160 0.01264172
22.00000000 3.50122177 0.01264598
23.00000000 3.49122193 0.01265023
24.00000000 3.48122209 0.01265447
25.00000000 3.47122226 0.01265873
26.00000000 3.46122242 0.01266297
27.00000000 3.45122259 0.01266723
28.00000000 3.44122275 0.01267147
29.00000000 3.43122292 0.01267573
30.00000000 3.42122308 0.01267998
31.00000000 3.41122324 0.01268422
32.00000000 3.40122341 0.01268849
33.00000000 3.39122357 0.01269272
34.00000000 3.38122374 0.01269699
35.00000000 3.37122390 0.01270122
36.00000000 3.36122407 0.01270549
37.00000000 3.35122423 0.01270974
38.00000000 3.34122439 0.01271397
39.00000000 3.33122456 0.01271824
40.00000000 3.32122472 0.01272247
41.00000000 3.31122489 0.01272674
42.00000000 3.30122505 0.01273097
43.00000000 3.29122522 0.01273524
44.00000000 3.28122538 0.01273947
45.00000000 3.27122555 0.01274374
46.00000000 3.26122571 0.01274799
47.00000000 3.25122587 0.01275223
48.00000000 3.24122604 0.01275649
49.00000000 3.23122620 0.01276073
50.00000000 3.22122637 0.01276499
51.00000000 3.21122653 0.01276923
52.00000000 3.20122670 0.01277349
53.00000000 3.19122686 0.01277774
54.00000000 3.18122702 0.01278198
55.00000000 3.17122719 0.01278624
56.00000000 3.16122735 0.01279048
57.00000000 3.15122752 0.01279474
58.00000000 3.14122768 0.01279898
59.00000000 3.13122785 0.01280324
60.00000000 3.12122801 0.01280748
61.00000000 3.11122818 0.01281174
62.00000000 3.10122834 0.01281599
63.00000000 3.09122850 0.01282023
64.00000000 3.08122867 0.01282449
65.00000000 3.07122883 0.01282873
66.00000000 3.06122900 0.01283299
67.00000000 3.05122916 0.01283723
68.00000000 3.04122933 0.01284149
69.00000000 3.03122949 0.01284574
70.00000000 3.02122965 0.01284998
71.00000000 3.01122982 0.01285424
72.00000000 3.00122998 0.01285848
73.00000000 2.99123015 0.01286274
74.00000000 2.98123031 0.01286698
75.00000000 2.97123048 0.01287124
76.00000000 2.96123064 0.01287548
77.00000000 2.95123081 0.01287974
78.00000000 2.94123097 0.01288399
79.00000000 2.93123113 0.01288823
80.00000000 2.92123130 0.01289249
81.00000000 2.91123146 0.01289673
82.00000000 2.90123163 0.01290099
83.00000000 2.89123179 0.01290523
84.00000000 2.88123196 0.01290949
85.00000000 2.87123212 0.01291374
86.00000000 2.86123228 0.01291798
87.00000000 2.85123245 0.01292224
88.00000000 2.84123261 0.01292648
89.00000000 2.83123278 0.01293074
90.00000000 2.82123294 0.01293498
91.00000000 2.81123311 0.01293925
92.00000000 2.80123327 0.01294348
93.00000000 2.79123344 0.01294775
94.00000000 2.78123360 0.01295200
95.00000000 2.77123376 0.01295623
96.00000000 2.76123393 0.01296050
97.00000000 2.75123409 0.01296473
98.00000000 2.74123426 0.01296900
99.00000000 2.73123442 0.01297323
100.00000000 2.72123459 0.01297750
101.00000000 2.71123475 0.01298175
102.00000000 2.70123491 0.01298598
103.00000000 2.69123508 0.01299025
104.00000000 2.68123524 0.01299448
105.00000000 2.67123541 0.01299875
106.00000000 2.66123557 0.01300298
107.00000000 2.65123574 0.01300725
108.00000000 2.64123590 0.01301148
109.00000000 2.63123607 0.01301575
110.00000000 2.62123623 0.01302000
111.00000000 2.61123639 0.01302424
112.00000000 2.60123656 0.01302850
113.00000000 2.59123672 0.01303274
114.00000000 2.58123689 0.01303700
115.00000000 2.57123705 0.01304124
116.00000000 2.56123722 0.01304550
117.00000000 2.55123738 0.01304975
118.00000000 2.54123754 0.01305399
119.00000000 2.53123771 0.01305825
120.00000000 2.52123787 0.01306249
121.00000000 2.51123804 0.01306675
122.00000000 2.50123820 0.01307099
123.00000000 2.49123837 0.01307525
124.00000000 2.48123853 0.01307949
125.00000000 2.47123870 0.01308375
126.00000000 2.46123886 0.01308800
127.00000000 2.45123902 0.01309224
128.00000000 2.44123919 0.01309650
129.00000000 2.43123935 0.01310074
130.00000000 2.42123952 0.01310500
131.00000000 2.41123968 0.01310924
132.00000000 2.40123985 0.01311350
133.00000000 2.39124001 0.01311775
134.00000000 2.38124017 0.01312199
135.00000000 2.37124034 0.01312625
136.00000000 2.36124050 0.01313049
137.00000000 2.35124067 0.01313475
138.00000000 2.34124083 0.01313899
139.00000000 2.33124100 0.01314325
140.00000000 2.32124116 0.01314749
141.00000000 2.31124133 0.01315175
142.00000000 2.30124149 0.01315600
143.00000000 2.29124165 0.01316024
144.00000000 2.28124182 0.01316450
145.00000000 2.27124198 0.01316874
146.00000000 2.26124215 0.01317300
147.00000000 2.25124231 0.01317724
148.00000000 2.24124248 0.01318150
149.00000000 2.23124264 0.01318575
150.00000000 2.22124280 0.01318999
151.00000000 2.21124297 0.01319425
152.00000000 2.20124313 0.01319849
153.00000000 2.19124330 0.01320276
154.00000000 2.18124346 0.01320699
155.00000000 2.17124363 0.01321126
156.00000000 2.16124379 0.01321549
157.00000000 2.15124396 0.01321976
158.00000000 2.14124412 0.01322401
159.00000000 2.13124428 0.01322824
160.00000000 2.12124445 0.01323251
161.00000000 2.11124461 0.01323674
162.00000000 2.10124478 0.01324101
163.00000000 2.09124494 0.01324524
164.00000000 2.08124511 0.01324951
165.00000000 2.07124527 0.01325376
166.00000000 2.06124543 0.01325799
167.00000000 2.05124560 0.01326226
168.00000000 2.04124576 0.01326649
169.00000000 2.03124593 0.01327076
170.00000000 2.02124609 0.01327499
171.00000000 2.01124626 0.01327926
172.00000000 2.00124642 0.01328350
173.00000000 1.99124659 0.01328776
174.00000000 1.98124675 0.01329201
175.00000000 1.97124691 0.01329625
176.00000000 1.96124708 0.01330051
177.00000000 1.95124724 0.01330475
178.00000000 1.94124741 0.01330901
179.00000000 1.93124757 0.01331325
180.00000000 1.92124774 0.01331751
181.00000000 1.91124790 0.01332176
182.00000000 1.90124806 0.01332600
183.00000000 1.89124823 0.01333026
184.00000000 1.88124839 0.01333450
185.00000000 1.87124856 0.01333876
186.00000000 1.86124872 0.01334300
187.00000000 1.85124889 0.01334726
188.00000000 1.84124905 0.01335150
189.00000000 1.83124922 0.01335576
190.00000000 1.82124938 0.01336001
191.00000000 1.81124954 0.01336425
192.00000000 1.80124971 0.01336851
193.00000000 1.79124987 0.01337275
194.00000000 1.78125004 0.01337701
195.00000000 1.77125020 0.01338125
196.00000000 1.76125037 0.01338551
197.00000000 1.75125053 0.01338976
198.00000000 1.74125069 0.01339400
199.00000000 1.73125086 0.01339826
200.00000000 1.72125102 0.01340250
201.00000000 1.71125119 0.01340676
202.00000000 1.70125135 0.01341100
203.00000000 1.69125152 0.01341526
204.00000000 1.68125168 0.01341950
205.00000000 1.67125185 0.01342376
206.00000000 1.66125201 0.01342801
207.00000000 1.65125217 0.01343225
208.00000000 1.64125234 0.01343651
209.00000000 1.63125250 0.01344075
210.00000000 1.62125267 0.01344501
211.00000000 1.61125283 0.01344925
212.00000000 1.60125300 0.01345352
213.00000000 1.59125316 0.01345777
214.00000000 1.58125332 0.01346200
215.00000000 1.57125349 0.01346627
216.00000000 1.56125365 0.01347050
217.00000000 1.55125382 0.01347477
218.00000000 1.54125398 0.01347900
219.00000000 1.53125415 0.01348327
220.00000000 1.52125431 0.01348750
221.00000000 1.51125448 0.01349177
222.00000000 1.50125464 0.01349602
223.00000000 1.49125480 0.01350025
224.00000000 1.48125497 0.01350452
225.00000000 1.47125513 0.01350875
226.00000000 1.46125530 0.01351302
227.00000000 1.45125546 0.01351725
228.00000000 1.44125563 0.01352152
229.00000000 1.43125579 0.01352577
230.00000000 1.42125595 0.01353000
231.00000000 1.41125612 0.01353427
232.00000000 1.40125628 0.01353850
233.00000000 1.39125645 0.01354277
234.00000000 1.38125661 0.01354701
235.00000000 1.37125678 0.01355127
236.00000000 1.36125694 0.01355551
237.00000000 1.35125711 0.01355977
238.00000000 1.34125727 0.01356402
239.00000000 1.33125743 0.01356826
240.00000000 1.32125760 0.01357252
241.00000000 1.31125776 0.01357676
242.00000000 1.30125793 0.01358102
243.00000000 1.29125809 0.01358526
244.00000000 1.28125826 0.01358952
245.00000000 1.27125842 0.01359377
246.00000000 1.26125858 0.01359801
247.00000000 1.25125875 0.01360227
248.00000000 1.24125891 0.01360651
249.00000000 1.23125908 0.01361077
250.00000000 1.22125924 0.01361501
251.00000000 1.21125941 0.01361927
252.00000000 1.20125957 0.01362351
253.00000000 1.19125974 0.01362777
254.00000000 1.18125990 0.01363202
255.00000000 1.17126006 0.01363626
256.00000000 1.16126023 0.01364052
257.00000000 1.15126039 0.01364476
258.00000000 1.14126056 0.01364902
259.00000000 1.13126072 0.01365326
260.00000000 1.12126089 0.01365752
261.00000000 1.11126105 0.01366177
262.00000000 1.10126121 0.01366601
263.00000000 1.09126138 0.01367027
264.00000000 1.08126154 0.01367451
265.00000000 1.07126171 0.01367877
266.00000000 1.06126187 0.01368301
267.00000000 1.05126204 0.01368727
268.00000000 1.04126220 0.01369151
269.00000000 1.03126237 0.01369577
270.00000000 1.02126253 0.01370002
271.00000000 1.01126269 0.01370426
272.00000000 1.00126286 0.01370853
273.00000000 0.99126302 0.01371276
274.00000000 0.98126319 0.01371703
275.00000000 0.97126335 0.01372126
276.00000000 0.96126352 0.01372553
277.00000000 0.95126368 0.01372978
278.00000000 0.94126384 0.01373401
279.00000000 0.93126401 0.01373828
280.00000000 0.92126417 0.01374251
281.00000000 0.91126434 0.01374678
282.00000000 0.90126450 0.01375101
283.00000000 0.89126467 0.01375528
284.00000000 0.88126483 0.01375951
285.00000000 0.87126500 0.01376378
286.00000000 0.86126516 0.01376803
287.00000000 0.85126532 0.01377226
288.00000000 0.84126549 0.01377653
289.00000000 0.83126565 0.01378076
290.00000000 0.82126582 0.01378503
291.00000000 0.81126598 0.01378926
292.00000000 0.80126615 0.01379353
293.00000000 0.79126631 0.01379778
294.00000000 0.78126647 0.01380201
295.00000000 0.77126664 0.01380628
296.00000000 0.76126680 0.01381052
297.00000000 0.75126697 0.01381478
298.00000000 0.74126713 0.01381902
299.00000000 0.73126730 0.01382328
300.00000000 0.72126746 0.01382752
301.00000000 0.71126763 0.01383178
302.00000000 0.70126779 0.01383603
303.00000000 0.69126795 0.01384027
304.00000000 0.68126812 0.01384453
305.00000000 0.67126828 0.01384877
306.00000000 0.66126845 0.01385303
307.00000000 0.65126861 0.01385727
308.00000000 0.64126878 0.01386153
309.00000000 0.63126894 0.01386578
310.00000000 0.62126910 0.01387002
311.00000000 0.61126927 0.01387428
312.00000000 0.60126943 0.01387852
313.00000000 0.59126960 0.01387853
314.00000000 0.58126976 0.01387852
315.00000000 0.57126993 0.01387853
316.00000000 0.56127009 0.01387852
317.00000000 0.55127026 0.01387853
318.00000000 0.54127042 0.01387853
319.00000000 0.53127058 0.01387852
320.00000000 0.52127075 0.01387852
