0.000000000000000000e+00 4.132965109034268322e-03 0.000000000000000000e+00
1.000000000000000000e+00 3.796894766355139814e-03 0.000000000000000000e+00
2.000000000000000000e+00 1.958404922118380312e-03 0.000000000000000000e+00
3.000000000000000000e+00 1.204747725856697817e-03 0.000000000000000000e+00
4.000000000000000000e+00 5.717174143302181533e-04 0.000000000000000000e+00
5.000000000000000000e+00 1.496549532710280198e-04 0.000000000000000000e+00
6.000000000000000000e+00 1.665433021806853351e-05 0.000000000000000000e+00
7.000000000000000000e+00 7.527601246105919995e-06 0.000000000000000000e+00
8.000000000000000000e+00 6.445264797507788663e-06 0.000000000000000000e+00
9.000000000000000000e+00 5.899221183800622811e-06 0.000000000000000000e+00
1.000000000000000000e+01 5.528691588785046739e-06 0.000000000000000000e+00
1.100000000000000000e+01 5.294672897196261494e-06 0.000000000000000000e+00
1.200000000000000000e+01 5.138660436137072461e-06 0.000000000000000000e+00
1.300000000000000000e+01 5.031401869158878518e-06 0.000000000000000000e+00
1.400000000000000000e+01 4.914392523364485896e-06 0.000000000000000000e+00
1.500000000000000000e+01 4.836386292834890532e-06 0.000000000000000000e+00
1.600000000000000000e+01 4.768130841121494695e-06 0.000000000000000000e+00
1.700000000000000000e+01 4.719376947040498757e-06 0.000000000000000000e+00
1.800000000000000000e+01 4.690124610591899331e-06 0.000000000000000000e+00
1.900000000000000000e+01 4.670623052959501125e-06 0.000000000000000000e+00
2.000000000000000000e+01 4.641370716510903393e-06 0.000000000000000000e+00
2.100000000000000000e+01 4.631619937694703867e-06 0.000000000000000000e+00
2.200000000000000000e+01 4.602367601246105288e-06 0.000000000000000000e+00
2.300000000000000000e+01 4.553613707165108503e-06 0.000000000000000000e+00
2.400000000000000000e+01 4.504859813084111718e-06 0.000000000000000000e+00
2.500000000000000000e+01 4.475607476635513986e-06 0.000000000000000000e+00
2.600000000000000000e+01 4.465856697819314460e-06 0.000000000000000000e+00
2.700000000000000000e+01 4.456105919003115781e-06 0.000000000000000000e+00
2.800000000000000000e+01 4.465856697819314460e-06 0.000000000000000000e+00
2.900000000000000000e+01 4.495109034267913039e-06 0.000000000000000000e+00
3.000000000000000000e+01 4.514610591900311245e-06 0.000000000000000000e+00
3.100000000000000000e+01 4.495109034267913039e-06 0.000000000000000000e+00
3.200000000000000000e+01 4.495109034267913039e-06 0.000000000000000000e+00
3.300000000000000000e+01 4.504859813084111718e-06 0.000000000000000000e+00
3.400000000000000000e+01 4.514610591900311245e-06 0.000000000000000000e+00
3.500000000000000000e+01 4.534112149532710297e-06 0.000000000000000000e+00
3.600000000000000000e+01 4.543862928348909824e-06 0.000000000000000000e+00
3.700000000000000000e+01 4.563364485981308029e-06 0.000000000000000000e+00
3.800000000000000000e+01 4.563364485981308029e-06 0.000000000000000000e+00
3.900000000000000000e+01 4.573115264797507556e-06 0.000000000000000000e+00
4.000000000000000000e+01 4.582866043613706235e-06 0.000000000000000000e+00
4.100000000000000000e+01 4.592616822429905761e-06 0.000000000000000000e+00
4.200000000000000000e+01 4.592616822429905761e-06 0.000000000000000000e+00
4.300000000000000000e+01 4.592616822429905761e-06 0.000000000000000000e+00
4.400000000000000000e+01 4.612118380062304814e-06 0.000000000000000000e+00
4.500000000000000000e+01 4.612118380062304814e-06 0.000000000000000000e+00
4.600000000000000000e+01 4.641370716510903393e-06 0.000000000000000000e+00
4.700000000000000000e+01 4.670623052959501125e-06 0.000000000000000000e+00
4.800000000000000000e+01 4.699875389408098857e-06 0.000000000000000000e+00
4.900000000000000000e+01 4.729127725856697436e-06 0.000000000000000000e+00
5.000000000000000000e+01 4.738878504672896963e-06 0.000000000000000000e+00
5.100000000000000000e+01 4.748629283489096489e-06 0.000000000000000000e+00
5.200000000000000000e+01 4.768130841121494695e-06 0.000000000000000000e+00
5.300000000000000000e+01 4.797383177570093274e-06 0.000000000000000000e+00
5.400000000000000000e+01 4.816884735202492326e-06 0.000000000000000000e+00
5.500000000000000000e+01 4.836386292834890532e-06 0.000000000000000000e+00
5.600000000000000000e+01 4.855887850467289585e-06 0.000000000000000000e+00
5.700000000000000000e+01 4.885140186915888164e-06 0.000000000000000000e+00
5.800000000000000000e+01 4.904641744548286370e-06 0.000000000000000000e+00
5.900000000000000000e+01 4.924143302180685422e-06 0.000000000000000000e+00
6.000000000000000000e+01 4.933894080996884102e-06 0.000000000000000000e+00
6.100000000000000000e+01 4.953395638629283154e-06 0.000000000000000000e+00
6.200000000000000000e+01 4.982647975077881733e-06 0.000000000000000000e+00
6.300000000000000000e+01 5.011900311526479465e-06 0.000000000000000000e+00
6.400000000000000000e+01 5.060654205607477097e-06 0.000000000000000000e+00
6.500000000000000000e+01 5.089906542056074829e-06 0.000000000000000000e+00
6.600000000000000000e+01 5.109408099688473882e-06 0.000000000000000000e+00
6.700000000000000000e+01 5.148411214953271987e-06 0.000000000000000000e+00
6.800000000000000000e+01 5.158161993769470667e-06 0.000000000000000000e+00
6.900000000000000000e+01 5.206915887850467451e-06 0.000000000000000000e+00
7.000000000000000000e+01 5.245919003115264710e-06 0.000000000000000000e+00
7.100000000000000000e+01 5.265420560747662915e-06 0.000000000000000000e+00
7.200000000000000000e+01 5.304423676012461021e-06 0.000000000000000000e+00
7.300000000000000000e+01 5.353177570093456958e-06 0.000000000000000000e+00
7.400000000000000000e+01 5.392180685358255064e-06 0.000000000000000000e+00
7.500000000000000000e+01 5.421433021806853643e-06 0.000000000000000000e+00
7.600000000000000000e+01 5.479937694704049954e-06 0.000000000000000000e+00
7.700000000000000000e+01 5.528691588785046739e-06 0.000000000000000000e+00
7.800000000000000000e+01 5.567694704049844844e-06 0.000000000000000000e+00
7.900000000000000000e+01 5.606697819314641255e-06 0.000000000000000000e+00
8.000000000000000000e+01 5.635950155763238988e-06 0.000000000000000000e+00
8.100000000000000000e+01 5.665202492211838414e-06 0.000000000000000000e+00
8.200000000000000000e+01 5.694454828660436146e-06 0.000000000000000000e+00
8.300000000000000000e+01 5.733457943925233404e-06 0.000000000000000000e+00
8.400000000000000000e+01 5.772461059190031509e-06 0.000000000000000000e+00
8.500000000000000000e+01 5.830965732087227821e-06 0.000000000000000000e+00
8.600000000000000000e+01 5.899221183800622811e-06 0.000000000000000000e+00
8.700000000000000000e+01 5.938224299065420916e-06 0.000000000000000000e+00
8.800000000000000000e+01 6.016230529595016280e-06 0.000000000000000000e+00
8.900000000000000000e+01 6.055233644859813538e-06 0.000000000000000000e+00
9.000000000000000000e+01 6.113738317757009003e-06 0.000000000000000000e+00
9.100000000000000000e+01 6.181993769470404840e-06 0.000000000000000000e+00
9.200000000000000000e+01 6.240498442367600304e-06 0.000000000000000000e+00
9.300000000000000000e+01 6.299003115264797462e-06 0.000000000000000000e+00
9.400000000000000000e+01 6.338006230529593873e-06 0.000000000000000000e+00
9.500000000000000000e+01 6.328255451713395194e-06 0.000000000000000000e+00
9.600000000000000000e+01 6.269750778816198883e-06 0.000000000000000000e+00
9.700000000000000000e+01 6.240498442367600304e-06 0.000000000000000000e+00
9.800000000000000000e+01 6.240498442367600304e-06 0.000000000000000000e+00
9.900000000000000000e+01 6.240498442367600304e-06 0.000000000000000000e+00
1.000000000000000000e+02 6.260000000000000204e-06 0.000000000000000000e+00
1.010000000000000000e+02 6.269750778816198883e-06 0.000000000000000000e+00
1.020000000000000000e+02 6.260000000000000204e-06 0.000000000000000000e+00
1.030000000000000000e+02 6.224999999999999692e-06 0.000000000000000000e+00
1.040000000000000000e+02 6.204999999999999883e-06 0.000000000000000000e+00
1.050000000000000000e+02 6.194999999999999979e-06 0.000000000000000000e+00
1.060000000000000000e+02 6.235000000000000443e-06 0.000000000000000000e+00
1.070000000000000000e+02 6.260000000000000204e-06 0.000000000000000000e+00
1.080000000000000000e+02 6.299999999999999821e-06 0.000000000000000000e+00
1.090000000000000000e+02 6.294999999999999869e-06 0.000000000000000000e+00
1.100000000000000000e+02 6.335000000000000333e-06 0.000000000000000000e+00
1.110000000000000000e+02 6.365000000000000045e-06 0.000000000000000000e+00
1.120000000000000000e+02 6.464999999999999935e-06 0.000000000000000000e+00
1.130000000000000000e+02 6.564999999999999825e-06 0.000000000000000000e+00
1.140000000000000000e+02 6.654999999999999810e-06 0.000000000000000000e+00
1.150000000000000000e+02 6.695000000000000274e-06 0.000000000000000000e+00
1.160000000000000000e+02 6.710000000000000130e-06 0.000000000000000000e+00
1.170000000000000000e+02 6.770000000000000403e-06 0.000000000000000000e+00
1.180000000000000000e+02 6.834999999999999781e-06 0.000000000000000000e+00
1.190000000000000000e+02 6.950000000000000374e-06 0.000000000000000000e+00
1.200000000000000000e+02 7.034999999999999560e-06 0.000000000000000000e+00
1.210000000000000000e+02 7.094999999999999832e-06 0.000000000000000000e+00
1.220000000000000000e+02 7.174999999999999914e-06 0.000000000000000000e+00
1.230000000000000000e+02 7.225000000000000282e-06 0.000000000000000000e+00
1.240000000000000000e+02 7.284999999999999707e-06 0.000000000000000000e+00
1.250000000000000000e+02 7.344999999999999980e-06 0.000000000000000000e+00
1.260000000000000000e+02 7.420000000000000109e-06 0.000000000000000000e+00
1.270000000000000000e+02 7.495000000000000238e-06 0.000000000000000000e+00
1.280000000000000000e+02 7.570000000000000367e-06 0.000000000000000000e+00
1.290000000000000000e+02 7.644999999999998802e-06 0.000000000000000000e+00
1.300000000000000000e+02 7.754999999999999443e-06 0.000000000000000000e+00
1.310000000000000000e+02 7.874999999999999988e-06 0.000000000000000000e+00
1.320000000000000000e+02 8.009999999999999542e-06 0.000000000000000000e+00
1.330000000000000000e+02 8.149999999999999896e-06 0.000000000000000000e+00
1.340000000000000000e+02 8.260000000000000537e-06 0.000000000000000000e+00
1.350000000000000000e+02 8.384999999999998493e-06 0.000000000000000000e+00
1.360000000000000000e+02 8.440000000000000507e-06 0.000000000000000000e+00
1.370000000000000000e+02 8.494999999999999134e-06 0.000000000000000000e+00
1.380000000000000000e+02 8.590000000000000765e-06 0.000000000000000000e+00
1.390000000000000000e+02 8.679999999999999904e-06 0.000000000000000000e+00
1.400000000000000000e+02 8.794999999999999650e-06 0.000000000000000000e+00
1.410000000000000000e+02 8.894999999999998692e-06 0.000000000000000000e+00
1.420000000000000000e+02 9.049999999999999749e-06 0.000000000000000000e+00
1.430000000000000000e+02 9.285000000000000040e-06 0.000000000000000000e+00
1.440000000000000000e+02 9.494999999999999724e-06 0.000000000000000000e+00
1.450000000000000000e+02 9.644999999999999982e-06 0.000000000000000000e+00
1.460000000000000000e+02 9.744999999999999024e-06 0.000000000000000000e+00
1.470000000000000000e+02 9.799999999999999345e-06 0.000000000000000000e+00
1.480000000000000000e+02 9.845000000000001455e-06 0.000000000000000000e+00
1.490000000000000000e+02 9.914999999999999091e-06 0.000000000000000000e+00
1.500000000000000000e+02 1.004499999999999954e-05 0.000000000000000000e+00
1.510000000000000000e+02 9.979999999999999315e-06 0.000000000000000000e+00
1.520000000000000000e+02 9.845000000000001455e-06 0.000000000000000000e+00
1.530000000000000000e+02 9.285000000000000040e-06 0.000000000000000000e+00
1.540000000000000000e+02 1.595499999999999886e-05 0.000000000000000000e+00
1.550000000000000000e+02 8.604500000000000711e-05 0.000000000000000000e+00
1.560000000000000000e+02 2.767500000000000184e-05 0.000000000000000000e+00
1.570000000000000000e+02 1.650699332368511340e-05 0.000000000000000000e+00
1.580000000000000000e+02 1.505876980643249215e-05 0.000000000000000000e+00
1.590000000000000000e+02 1.342755065452702551e-05 0.000000000000000000e+00
1.600000000000000000e+02 1.207771188708776111e-05 0.000000000000000000e+00
1.610000000000000000e+02 1.143427562330840314e-05 0.000000000000000000e+00
1.620000000000000000e+02 1.178255763764769054e-05 0.000000000000000000e+00
1.630000000000000000e+02 1.232170606662488659e-05 0.000000000000000000e+00
1.640000000000000000e+02 1.268572964093431068e-05 0.000000000000000000e+00
1.650000000000000000e+02 1.306155938522133645e-05 0.000000000000000000e+00
1.660000000000000000e+02 1.342755065452702551e-05 0.000000000000000000e+00
1.670000000000000000e+02 1.376796188888124118e-05 0.000000000000000000e+00
1.680000000000000000e+02 1.406705152831384847e-05 0.000000000000000000e+00
1.690000000000000000e+02 1.447633208753741597e-05 0.000000000000000000e+00
1.700000000000000000e+02 1.506467289142129383e-05 0.000000000000000000e+00
1.710000000000000000e+02 1.572581841016705516e-05 0.000000000000000000e+00
1.720000000000000000e+02 1.620200059926370613e-05 0.000000000000000000e+00
1.730000000000000000e+02 1.666834431337902041e-05 0.000000000000000000e+00
1.740000000000000000e+02 1.701662632771830443e-05 0.000000000000000000e+00
1.750000000000000000e+02 1.735113447708372180e-05 0.000000000000000000e+00
1.760000000000000000e+02 1.774664117133341928e-05 0.000000000000000000e+00
1.770000000000000000e+02 1.811066474564284337e-05 0.000000000000000000e+00
1.780000000000000000e+02 1.840975438507544727e-05 0.000000000000000000e+00
1.790000000000000000e+02 1.872852097447072456e-05 0.000000000000000000e+00
1.800000000000000000e+02 1.906893220882494532e-05 0.000000000000000000e+00
1.810000000000000000e+02 1.942902039314183270e-05 0.000000000000000000e+00
1.820000000000000000e+02 1.980878552742139010e-05 0.000000000000000000e+00
1.830000000000000000e+02 2.021019530665988756e-05 0.000000000000000000e+00
1.840000000000000000e+02 2.063128203586105843e-05 0.000000000000000000e+00
1.850000000000000000e+02 2.107204571502490270e-05 0.000000000000000000e+00
1.860000000000000000e+02 2.153445403914768026e-05 0.000000000000000000e+00
1.870000000000000000e+02 2.201653931323313123e-05 0.000000000000000000e+00
1.880000000000000000e+02 2.252026923227752226e-05 0.000000000000000000e+00
1.890000000000000000e+02 2.304367610128458331e-05 0.000000000000000000e+00
1.900000000000000000e+02 2.358675992025431776e-05 0.000000000000000000e+00
1.910000000000000000e+02 2.415148838418298890e-05 0.000000000000000000e+00
1.920000000000000000e+02 2.473589379807433005e-05 0.000000000000000000e+00
1.930000000000000000e+02 2.534194385692461126e-05 0.000000000000000000e+00
1.940000000000000000e+02 2.596767086573756588e-05 0.000000000000000000e+00
1.950000000000000000e+02 2.659339787455052050e-05 0.000000000000000000e+00
1.960000000000000000e+02 2.695545375386367793e-05 0.000000000000000000e+00
1.970000000000000000e+02 2.736276661809097200e-05 0.000000000000000000e+00
1.980000000000000000e+02 2.771498402242279611e-05 0.000000000000000000e+00
1.990000000000000000e+02 2.815771539658290705e-05 0.000000000000000000e+00
2.000000000000000000e+02 2.842925730606777089e-05 0.000000000000000000e+00
2.010000000000000000e+02 2.894282570009349862e-05 0.000000000000000000e+00
2.020000000000000000e+02 2.941507249919761289e-05 0.000000000000000000e+00
2.030000000000000000e+02 2.960003582884672662e-05 0.000000000000000000e+00
2.040000000000000000e+02 2.980467610845851037e-05 0.000000000000000000e+00
2.050000000000000000e+02 3.024150439762981454e-05 0.000000000000000000e+00
2.060000000000000000e+02 3.068030038179738876e-05 0.000000000000000000e+00
2.070000000000000000e+02 3.101677622615906942e-05 0.000000000000000000e+00
2.080000000000000000e+02 3.122535189576338988e-05 0.000000000000000000e+00
2.090000000000000000e+02 3.149886150024452377e-05 0.000000000000000000e+00
2.100000000000000000e+02 3.142212139539011037e-05 0.000000000000000000e+00
2.110000000000000000e+02 3.120173955580818315e-05 0.000000000000000000e+00
2.120000000000000000e+02 3.157363391010267051e-05 0.000000000000000000e+00
2.130000000000000000e+02 3.213049159404627838e-05 0.000000000000000000e+00
2.140000000000000000e+02 3.191994822944569125e-05 0.000000000000000000e+00
2.150000000000000000e+02 3.166414787993096410e-05 0.000000000000000000e+00
2.160000000000000000e+02 3.188846510950541787e-05 0.000000000000000000e+00
2.170000000000000000e+02 3.214820084901268512e-05 0.000000000000000000e+00
2.180000000000000000e+02 3.199865602929638487e-05 0.000000000000000000e+00
2.190000000000000000e+02 3.236858268859459879e-05 0.000000000000000000e+00
2.200000000000000000e+02 3.258502913818398590e-05 0.000000000000000000e+00
2.210000000000000000e+02 3.262438303810933271e-05 0.000000000000000000e+00
2.220000000000000000e+02 3.271883239793015285e-05 0.000000000000000000e+00
2.230000000000000000e+02 3.300414817238889349e-05 0.000000000000000000e+00
2.240000000000000000e+02 3.298053583243368677e-05 0.000000000000000000e+00
2.250000000000000000e+02 3.278179863781070639e-05 0.000000000000000000e+00
2.260000000000000000e+02 3.292544037253820665e-05 0.000000000000000000e+00
2.270000000000000000e+02 3.319501458702680722e-05 0.000000000000000000e+00
2.280000000000000000e+02 3.334849479673564757e-05 0.000000000000000000e+00
2.290000000000000000e+02 3.305137285229930695e-05 0.000000000000000000e+00
2.300000000000000000e+02 3.304153437731796686e-05 0.000000000000000000e+00
2.310000000000000000e+02 3.306514671727317359e-05 0.000000000000000000e+00
2.320000000000000000e+02 3.312024217716865370e-05 0.000000000000000000e+00
2.330000000000000000e+02 3.321075614699694052e-05 0.000000000000000000e+00
2.340000000000000000e+02 3.333472093176177416e-05 0.000000000000000000e+00
2.350000000000000000e+02 3.349213653146314784e-05 0.000000000000000000e+00
2.360000000000000000e+02 3.368300294610106156e-05 0.000000000000000000e+00
2.370000000000000000e+02 3.390732017567551533e-05 0.000000000000000000e+00
2.380000000000000000e+02 3.416508822018650914e-05 0.000000000000000000e+00
2.390000000000000000e+02 3.445630707963404977e-05 0.000000000000000000e+00
2.400000000000000000e+02 3.478097675401813045e-05 0.000000000000000000e+00
2.410000000000000000e+02 3.460388420435408336e-05 0.000000000000000000e+00
2.420000000000000000e+02 3.451927331951459653e-05 0.000000000000000000e+00
2.430000000000000000e+02 3.495413391368963743e-05 0.000000000000000000e+00
2.440000000000000000e+02 3.600291534670002619e-05 0.000000000000000000e+00
2.450000000000000000e+02 3.654403147067349398e-05 0.000000000000000000e+00
2.460000000000000000e+02 3.698085975984480154e-05 0.000000000000000000e+00
2.470000000000000000e+02 3.760658676865775616e-05 0.000000000000000000e+00
2.480000000000000000e+02 3.758494212369881609e-05 0.000000000000000000e+00
2.490000000000000000e+02 3.853337111189958472e-05 0.000000000000000000e+00
2.500000000000000000e+02 4.133930417657653703e-05 0.000000000000000000e+00
2.510000000000000000e+02 4.542620668382340530e-05 0.000000000000000000e+00
2.520000000000000000e+02 1.166587332436904762e-04 0.000000000000000000e+00
2.530000000000000000e+02 9.771376581963035779e-05 0.000000000000000000e+00
2.540000000000000000e+02 6.223425734193739265e-05 0.000000000000000000e+00
2.550000000000000000e+02 5.866289092371251878e-05 0.000000000000000000e+00
2.560000000000000000e+02 5.410177392236526281e-05 0.000000000000000000e+00
2.570000000000000000e+02 4.969020174073431387e-05 0.000000000000000000e+00
2.580000000000000000e+02 4.898970232206321251e-05 0.000000000000000000e+00
2.590000000000000000e+02 5.300183241945193404e-05 0.000000000000000000e+00
2.600000000000000000e+02 5.695689936194890202e-05 0.000000000000000000e+00
2.610000000000000000e+02 6.062271513999460280e-05 0.000000000000000000e+00
2.620000000000000000e+02 6.442823726277526375e-05 0.000000000000000000e+00
2.630000000000000000e+02 6.838133651027596507e-05 0.000000000000000000e+00
2.640000000000000000e+02 7.228524338286998626e-05 0.000000000000000000e+00
2.650000000000000000e+02 7.604944391072904729e-05 0.000000000000000000e+00
2.660000000000000000e+02 7.983922447353958849e-05 0.000000000000000000e+00
2.670000000000000000e+02 8.358374805143595578e-05 0.000000000000000000e+00
2.680000000000000000e+02 8.731646545935475021e-05 0.000000000000000000e+00
2.690000000000000000e+02 8.915822797586079381e-05 0.000000000000000000e+00
2.700000000000000000e+02 9.073435166787078372e-05 0.000000000000000000e+00
2.710000000000000000e+02 9.344583537272690911e-05 0.000000000000000000e+00
2.720000000000000000e+02 9.567720149849386036e-05 0.000000000000000000e+00
2.730000000000000000e+02 9.709394189580622348e-05 0.000000000000000000e+00
2.740000000000000000e+02 9.809353095390991857e-05 0.000000000000000000e+00
2.750000000000000000e+02 9.838278211836118576e-05 0.000000000000000000e+00
2.760000000000000000e+02 9.880583654255862668e-05 0.000000000000000000e+00
2.770000000000000000e+02 9.951814213120732124e-05 0.000000000000000000e+00
2.780000000000000000e+02 9.861300243292443952e-05 0.000000000000000000e+00
2.790000000000000000e+02 9.866613019782365297e-05 0.000000000000000000e+00
2.800000000000000000e+02 9.783969829939145131e-05 0.000000000000000000e+00
2.810000000000000000e+02 9.785937524935413149e-05 0.000000000000000000e+00
2.820000000000000000e+02 9.674369218647064909e-05 0.000000000000000000e+00
2.830000000000000000e+02 9.595071110297499425e-05 0.000000000000000000e+00
2.840000000000000000e+02 9.640524864711271533e-05 0.000000000000000000e+00
2.850000000000000000e+02 9.616518985756811471e-05 0.000000000000000000e+00
2.860000000000000000e+02 9.629112233732920823e-05 0.000000000000000000e+00
2.870000000000000000e+02 9.735958072030227717e-05 0.000000000000000000e+00
2.880000000000000000e+02 9.929185720663660081e-05 0.000000000000000000e+00
2.890000000000000000e+02 1.022709474309850872e-04 0.000000000000000000e+00
2.900000000000000000e+02 1.061256619286724283e-04 0.000000000000000000e+00
2.910000000000000000e+02 1.101397597210573961e-04 0.000000000000000000e+00
2.920000000000000000e+02 1.135556782345771765e-04 0.000000000000000000e+00
2.930000000000000000e+02 1.176622576917867182e-04 0.000000000000000000e+00
2.940000000000000000e+02 1.246456072335388120e-04 0.000000000000000000e+00
2.950000000000000000e+02 1.325655795935140949e-04 0.000000000000000000e+00
2.960000000000000000e+02 1.378626145234652792e-04 0.000000000000000000e+00
2.970000000000000000e+02 1.416386212213019402e-04 0.000000000000000000e+00
2.980000000000000000e+02 1.471107810059208711e-04 0.000000000000000000e+00
2.990000000000000000e+02 1.542180953324378189e-04 0.000000000000000000e+00
3.000000000000000000e+02 1.589189186785200283e-04 0.000000000000000000e+00
3.010000000000000000e+02 1.607547781100372719e-04 0.000000000000000000e+00
3.020000000000000000e+02 1.626358945264686894e-04 0.000000000000000000e+00
3.030000000000000000e+02 1.636256451095910512e-04 0.000000000000000000e+00
3.040000000000000000e+02 1.646763942375977202e-04 0.000000000000000000e+00
3.050000000000000000e+02 1.678679955215430333e-04 0.000000000000000000e+00
3.060000000000000000e+02 1.683323715406620741e-04 0.000000000000000000e+00
3.070000000000000000e+02 1.723976294029500023e-04 0.000000000000000000e+00
3.080000000000000000e+02 1.778717568825652134e-04 0.000000000000000000e+00
3.090000000000000000e+02 1.816025065954877276e-04 0.000000000000000000e+00
3.100000000000000000e+02 1.894437711556123439e-04 0.000000000000000000e+00
3.110000000000000000e+02 2.051440095308279359e-04 0.000000000000000000e+00
3.120000000000000000e+02 2.645821722830696688e-04 0.000000000000000000e+00
3.130000000000000000e+02 1.063021641698375791e-03 0.000000000000000000e+00
3.140000000000000000e+02 6.662041280730156279e-02 0.000000000000000000e+00
3.150000000000000000e+02 -1.177516894293670520e-02 0.000000000000000000e+00
3.160000000000000000e+02 -3.929876511154757959e-03 0.000000000000000000e+00
3.170000000000000000e+02 -3.666380506509627542e-03 0.000000000000000000e+00
3.180000000000000000e+02 -3.366131894724219698e-03 0.000000000000000000e+00
3.190000000000000000e+02 -3.130100976836986109e-03 0.000000000000000000e+00
3.200000000000000000e+02 -2.878515430004261258e-03 0.000000000000000000e+00
