0.000000000000000000e+00 1.637044500000000083e-02 0.000000000000000000e+00
1.000000000000000000e+00 2.003419000000000033e-02 0.000000000000000000e+00
2.000000000000000000e+00 1.046807500000000030e-02 0.000000000000000000e+00
3.000000000000000000e+00 6.202504999999999651e-03 0.000000000000000000e+00
4.000000000000000000e+00 2.915349999999999712e-03 0.000000000000000000e+00
5.000000000000000000e+00 7.594850000000000646e-04 0.000000000000000000e+00
6.000000000000000000e+00 8.460999999999999121e-05 0.000000000000000000e+00
7.000000000000000000e+00 3.836000000000000542e-05 0.000000000000000000e+00
8.000000000000000000e+00 3.284500000000000147e-05 0.000000000000000000e+00
9.000000000000000000e+00 3.006499999999999760e-05 0.000000000000000000e+00
1.000000000000000000e+01 2.822999999999999907e-05 0.000000000000000000e+00
1.100000000000000000e+01 2.698499999999999998e-05 0.000000000000000000e+00
1.200000000000000000e+01 2.623000000000000128e-05 0.000000000000000000e+00
1.300000000000000000e+01 2.565499999999999747e-05 0.000000000000000000e+00
1.400000000000000000e+01 2.505499999999999982e-05 0.000000000000000000e+00
1.500000000000000000e+01 2.466500000000000186e-05 0.000000000000000000e+00
1.600000000000000000e+01 2.434499999999999815e-05 0.000000000000000000e+00
1.700000000000000000e+01 2.404499999999999764e-05 0.000000000000000000e+00
1.800000000000000000e+01 2.390500000000000236e-05 0.000000000000000000e+00
1.900000000000000000e+01 2.379499999999999834e-05 0.000000000000000000e+00
2.000000000000000000e+01 2.365499999999999968e-05 0.000000000000000000e+00
2.100000000000000000e+01 2.361500000000000006e-05 0.000000000000000000e+00
2.200000000000000000e+01 2.347999999999999881e-05 0.000000000000000000e+00
2.300000000000000000e+01 2.320000000000000149e-05 0.000000000000000000e+00
2.400000000000000000e+01 2.297499999999999941e-05 0.000000000000000000e+00
2.500000000000000000e+01 2.283500000000000075e-05 0.000000000000000000e+00
2.600000000000000000e+01 2.278499999999999954e-05 0.000000000000000000e+00
2.700000000000000000e+01 2.271999999999999931e-05 0.000000000000000000e+00
2.800000000000000000e+01 2.275500000000000152e-05 0.000000000000000000e+00
2.900000000000000000e+01 2.290000000000000098e-05 0.000000000000000000e+00
3.000000000000000000e+01 2.300500000000000082e-05 0.000000000000000000e+00
3.100000000000000000e+01 2.293499999999999979e-05 0.000000000000000000e+00
3.200000000000000000e+01 2.293499999999999979e-05 0.000000000000000000e+00
3.300000000000000000e+01 2.294999999999999880e-05 0.000000000000000000e+00
3.400000000000000000e+01 2.298499999999999762e-05 0.000000000000000000e+00
3.500000000000000000e+01 2.309500000000000165e-05 0.000000000000000000e+00
3.600000000000000000e+01 2.315000000000000028e-05 0.000000000000000000e+00
3.700000000000000000e+01 2.322000000000000130e-05 0.000000000000000000e+00
3.800000000000000000e+01 2.321500000000000050e-05 0.000000000000000000e+00
3.900000000000000000e+01 2.323500000000000031e-05 0.000000000000000000e+00
4.000000000000000000e+01 2.330000000000000053e-05 0.000000000000000000e+00
4.100000000000000000e+01 2.330500000000000133e-05 0.000000000000000000e+00
4.200000000000000000e+01 2.334000000000000015e-05 0.000000000000000000e+00
4.300000000000000000e+01 2.333999999999999676e-05 0.000000000000000000e+00
4.400000000000000000e+01 2.341499999999999859e-05 0.000000000000000000e+00
4.500000000000000000e+01 2.341999999999999938e-05 0.000000000000000000e+00
4.600000000000000000e+01 2.358999999999999945e-05 0.000000000000000000e+00
4.700000000000000000e+01 2.375000000000000131e-05 0.000000000000000000e+00
4.800000000000000000e+01 2.389999999999999818e-05 0.000000000000000000e+00
4.900000000000000000e+01 2.405000000000000182e-05 0.000000000000000000e+00
5.000000000000000000e+01 2.411000000000000125e-05 0.000000000000000000e+00
5.100000000000000000e+01 2.418499999999999968e-05 0.000000000000000000e+00
5.200000000000000000e+01 2.426999999999999972e-05 0.000000000000000000e+00
5.300000000000000000e+01 2.443000000000000157e-05 0.000000000000000000e+00
5.400000000000000000e+01 2.455000000000000042e-05 0.000000000000000000e+00
5.500000000000000000e+01 2.462999999999999966e-05 0.000000000000000000e+00
5.600000000000000000e+01 2.474000000000000030e-05 0.000000000000000000e+00
5.700000000000000000e+01 2.491999999999999858e-05 0.000000000000000000e+00
5.800000000000000000e+01 2.500999999999999941e-05 0.000000000000000000e+00
5.900000000000000000e+01 2.511499999999999925e-05 0.000000000000000000e+00
6.000000000000000000e+01 2.517999999999999947e-05 0.000000000000000000e+00
6.100000000000000000e+01 2.527499999999999772e-05 0.000000000000000000e+00
6.200000000000000000e+01 2.538999999999999916e-05 0.000000000000000000e+00
6.300000000000000000e+01 2.556500000000000002e-05 0.000000000000000000e+00
6.400000000000000000e+01 2.580000000000000031e-05 0.000000000000000000e+00
6.500000000000000000e+01 2.595000000000000057e-05 0.000000000000000000e+00
6.600000000000000000e+01 2.605500000000000041e-05 0.000000000000000000e+00
6.700000000000000000e+01 2.624500000000000029e-05 0.000000000000000000e+00
6.800000000000000000e+01 2.627999999999999911e-05 0.000000000000000000e+00
6.900000000000000000e+01 2.650499999999999780e-05 0.000000000000000000e+00
7.000000000000000000e+01 2.667999999999999867e-05 0.000000000000000000e+00
7.100000000000000000e+01 2.680499999999999832e-05 0.000000000000000000e+00
7.200000000000000000e+01 2.699500000000000158e-05 0.000000000000000000e+00
7.300000000000000000e+01 2.723000000000000187e-05 0.000000000000000000e+00
7.400000000000000000e+01 2.744000000000000155e-05 0.000000000000000000e+00
7.500000000000000000e+01 2.761499999999999903e-05 0.000000000000000000e+00
7.600000000000000000e+01 2.792500000000000115e-05 0.000000000000000000e+00
7.700000000000000000e+01 2.810499999999999942e-05 0.000000000000000000e+00
7.800000000000000000e+01 2.834500000000000051e-05 0.000000000000000000e+00
7.900000000000000000e+01 2.848999999999999997e-05 0.000000000000000000e+00
8.000000000000000000e+01 2.864500000000000103e-05 0.000000000000000000e+00
8.100000000000000000e+01 2.881999999999999851e-05 0.000000000000000000e+00
8.200000000000000000e+01 2.893999999999999736e-05 0.000000000000000000e+00
8.300000000000000000e+01 2.911500000000000161e-05 0.000000000000000000e+00
8.400000000000000000e+01 2.932999999999999870e-05 0.000000000000000000e+00
8.500000000000000000e+01 2.965999999999999724e-05 0.000000000000000000e+00
8.600000000000000000e+01 2.998000000000000095e-05 0.000000000000000000e+00
8.700000000000000000e+01 3.020000000000000223e-05 0.000000000000000000e+00
8.800000000000000000e+01 3.056500000000000297e-05 0.000000000000000000e+00
8.900000000000000000e+01 3.078999999999999489e-05 0.000000000000000000e+00
9.000000000000000000e+01 3.108499999999999800e-05 0.000000000000000000e+00
9.100000000000000000e+01 3.146999999999999516e-05 0.000000000000000000e+00
9.200000000000000000e+01 3.173999999999999765e-05 0.000000000000000000e+00
9.300000000000000000e+01 3.201499999999999756e-05 0.000000000000000000e+00
9.400000000000000000e+01 3.221000000000000501e-05 0.000000000000000000e+00
9.500000000000000000e+01 3.214000000000000060e-05 0.000000000000000000e+00
9.600000000000000000e+01 3.193000000000000092e-05 0.000000000000000000e+00
9.700000000000000000e+01 3.174999999999999925e-05 0.000000000000000000e+00
9.800000000000000000e+01 3.178500000000000146e-05 0.000000000000000000e+00
9.900000000000000000e+01 3.176500000000000504e-05 0.000000000000000000e+00
1.000000000000000000e+02 3.186500000000000069e-05 0.000000000000000000e+00
1.010000000000000000e+02 3.190000000000000290e-05 0.000000000000000000e+00
1.020000000000000000e+02 3.186500000000000069e-05 0.000000000000000000e+00
1.030000000000000000e+02 3.167999999999999484e-05 0.000000000000000000e+00
1.040000000000000000e+02 3.160499999999999979e-05 0.000000000000000000e+00
1.050000000000000000e+02 3.149999999999999995e-05 0.000000000000000000e+00
1.060000000000000000e+02 3.167999999999999484e-05 0.000000000000000000e+00
1.070000000000000000e+02 3.182000000000000366e-05 0.000000000000000000e+00
1.080000000000000000e+02 3.201000000000000015e-05 0.000000000000000000e+00
1.090000000000000000e+02 3.200000000000000533e-05 0.000000000000000000e+00
1.100000000000000000e+02 3.219999999999999664e-05 0.000000000000000000e+00
1.110000000000000000e+02 3.232999999999999709e-05 0.000000000000000000e+00
1.120000000000000000e+02 3.282999999999999569e-05 0.000000000000000000e+00
1.130000000000000000e+02 3.331500000000000206e-05 0.000000000000000000e+00
1.140000000000000000e+02 3.380499999999999906e-05 0.000000000000000000e+00
1.150000000000000000e+02 3.403999999999999935e-05 0.000000000000000000e+00
1.160000000000000000e+02 3.407500000000000156e-05 0.000000000000000000e+00
1.170000000000000000e+02 3.435499999999999887e-05 0.000000000000000000e+00
1.180000000000000000e+02 3.472500000000000380e-05 0.000000000000000000e+00
1.190000000000000000e+02 3.526999999999999943e-05 0.000000000000000000e+00
1.200000000000000000e+02 3.573499999999999583e-05 0.000000000000000000e+00
1.210000000000000000e+02 3.598999999999999931e-05 0.000000000000000000e+00
1.220000000000000000e+02 3.645999999999999990e-05 0.000000000000000000e+00
1.230000000000000000e+02 3.666500000000000217e-05 0.000000000000000000e+00
1.240000000000000000e+02 3.698999999999999652e-05 0.000000000000000000e+00
1.250000000000000000e+02 3.723500000000000518e-05 0.000000000000000000e+00
1.260000000000000000e+02 3.766000000000000196e-05 0.000000000000000000e+00
1.270000000000000000e+02 3.797999999999999890e-05 0.000000000000000000e+00
1.280000000000000000e+02 3.844999999999999948e-05 0.000000000000000000e+00
1.290000000000000000e+02 3.880499999999999862e-05 0.000000000000000000e+00
1.300000000000000000e+02 3.931999999999999623e-05 0.000000000000000000e+00
1.310000000000000000e+02 3.996500000000000107e-05 0.000000000000000000e+00
1.320000000000000000e+02 4.055500000000000050e-05 0.000000000000000000e+00
1.330000000000000000e+02 4.123500000000000077e-05 0.000000000000000000e+00
1.340000000000000000e+02 4.182000000000000279e-05 0.000000000000000000e+00
1.350000000000000000e+02 4.252500000000000366e-05 0.000000000000000000e+00
1.360000000000000000e+02 4.270499999999999855e-05 0.000000000000000000e+00
1.370000000000000000e+02 4.304000000000000127e-05 0.000000000000000000e+00
1.380000000000000000e+02 4.356000000000000307e-05 0.000000000000000000e+00
1.390000000000000000e+02 4.396500000000000343e-05 0.000000000000000000e+00
1.400000000000000000e+02 4.462000000000000308e-05 0.000000000000000000e+00
1.410000000000000000e+02 4.508499999999999948e-05 0.000000000000000000e+00
1.420000000000000000e+02 4.573500000000000173e-05 0.000000000000000000e+00
1.430000000000000000e+02 4.716999999999999730e-05 0.000000000000000000e+00
1.440000000000000000e+02 4.810999999999999847e-05 0.000000000000000000e+00
1.450000000000000000e+02 4.872499999999999851e-05 0.000000000000000000e+00
1.460000000000000000e+02 4.920000000000000328e-05 0.000000000000000000e+00
1.470000000000000000e+02 4.980000000000000431e-05 0.000000000000000000e+00
1.480000000000000000e+02 4.970499999999999929e-05 0.000000000000000000e+00
1.490000000000000000e+02 5.050499999999999841e-05 0.000000000000000000e+00
1.500000000000000000e+02 5.109999999999999525e-05 0.000000000000000000e+00
1.510000000000000000e+02 5.061000000000000503e-05 0.000000000000000000e+00
1.520000000000000000e+02 5.010499999999999546e-05 0.000000000000000000e+00
1.530000000000000000e+02 4.698000000000000082e-05 0.000000000000000000e+00
1.540000000000000000e+02 8.147000000000000433e-05 0.000000000000000000e+00
1.550000000000000000e+02 4.342050000000000076e-04 0.000000000000000000e+00
1.560000000000000000e+02 1.425050000000000188e-04 0.000000000000000000e+00
1.570000000000000000e+02 8.388999999999999810e-05 0.000000000000000000e+00
1.580000000000000000e+02 7.653000000000000080e-05 0.000000000000000000e+00
1.590000000000000000e+02 6.823999999999999717e-05 0.000000000000000000e+00
1.600000000000000000e+02 6.137999999999999847e-05 0.000000000000000000e+00
1.610000000000000000e+02 5.810999999999999759e-05 0.000000000000000000e+00
1.620000000000000000e+02 5.988000000000000267e-05 0.000000000000000000e+00
1.630000000000000000e+02 6.261999999999999338e-05 0.000000000000000000e+00
1.640000000000000000e+02 6.446999999999999769e-05 0.000000000000000000e+00
1.650000000000000000e+02 6.637999999999999803e-05 0.000000000000000000e+00
1.660000000000000000e+02 6.823999999999999717e-05 0.000000000000000000e+00
1.670000000000000000e+02 6.996999999999999585e-05 0.000000000000000000e+00
1.680000000000000000e+02 7.148999999999999485e-05 0.000000000000000000e+00
1.690000000000000000e+02 7.357000000000000204e-05 0.000000000000000000e+00
1.700000000000000000e+02 7.655999999999999882e-05 0.000000000000000000e+00
1.710000000000000000e+02 7.991999999999999376e-05 0.000000000000000000e+00
1.720000000000000000e+02 8.234000000000000108e-05 0.000000000000000000e+00
1.730000000000000000e+02 8.470999999999999364e-05 0.000000000000000000e+00
1.740000000000000000e+02 8.647999999999999871e-05 0.000000000000000000e+00
1.750000000000000000e+02 8.817999999999999938e-05 0.000000000000000000e+00
1.760000000000000000e+02 9.019000000000000216e-05 0.000000000000000000e+00
1.770000000000000000e+02 9.204000000000000647e-05 0.000000000000000000e+00
1.780000000000000000e+02 9.356000000000000546e-05 0.000000000000000000e+00
1.790000000000000000e+02 9.517999999999999334e-05 0.000000000000000000e+00
1.800000000000000000e+02 9.691000000000000558e-05 0.000000000000000000e+00
1.810000000000000000e+02 9.874000000000000669e-05 0.000000000000000000e+00
1.820000000000000000e+02 1.006699999999999967e-04 0.000000000000000000e+00
1.830000000000000000e+02 1.027099999999999975e-04 0.000000000000000000e+00
1.840000000000000000e+02 1.048500000000000007e-04 0.000000000000000000e+00
1.850000000000000000e+02 1.070900000000000064e-04 0.000000000000000000e+00
1.860000000000000000e+02 1.094399999999999957e-04 0.000000000000000000e+00
1.870000000000000000e+02 1.118900000000000011e-04 0.000000000000000000e+00
1.880000000000000000e+02 1.144500000000000037e-04 0.000000000000000000e+00
1.890000000000000000e+02 1.171099999999999951e-04 0.000000000000000000e+00
1.900000000000000000e+02 1.198700000000000026e-04 0.000000000000000000e+00
1.910000000000000000e+02 1.227400000000000073e-04 0.000000000000000000e+00
1.920000000000000000e+02 1.257099999999999873e-04 0.000000000000000000e+00
1.930000000000000000e+02 1.287899999999999917e-04 0.000000000000000000e+00
1.940000000000000000e+02 1.319699999999999985e-04 0.000000000000000000e+00
1.950000000000000000e+02 1.351500000000000054e-04 0.000000000000000000e+00
1.960000000000000000e+02 1.369900000000000013e-04 0.000000000000000000e+00
1.970000000000000000e+02 1.390599999999999866e-04 0.000000000000000000e+00
1.980000000000000000e+02 1.408500000000000084e-04 0.000000000000000000e+00
1.990000000000000000e+02 1.431000000000000089e-04 0.000000000000000000e+00
2.000000000000000000e+02 1.444799999999999991e-04 0.000000000000000000e+00
2.010000000000000000e+02 1.470900000000000029e-04 0.000000000000000000e+00
2.020000000000000000e+02 1.494900000000000070e-04 0.000000000000000000e+00
2.030000000000000000e+02 1.504300000000000082e-04 0.000000000000000000e+00
2.040000000000000000e+02 1.514700000000000117e-04 0.000000000000000000e+00
2.050000000000000000e+02 1.536900000000000007e-04 0.000000000000000000e+00
2.060000000000000000e+02 1.559200000000000115e-04 0.000000000000000000e+00
2.070000000000000000e+02 1.576299999999999934e-04 0.000000000000000000e+00
2.080000000000000000e+02 1.586899999999999867e-04 0.000000000000000000e+00
2.090000000000000000e+02 1.600799999999999988e-04 0.000000000000000000e+00
2.100000000000000000e+02 1.596900000000000110e-04 0.000000000000000000e+00
2.110000000000000000e+02 1.585699999999999946e-04 0.000000000000000000e+00
2.120000000000000000e+02 1.604599999999999917e-04 0.000000000000000000e+00
2.130000000000000000e+02 1.632899999999999901e-04 0.000000000000000000e+00
2.140000000000000000e+02 1.622200000000000020e-04 0.000000000000000000e+00
2.150000000000000000e+02 1.609199999999999975e-04 0.000000000000000000e+00
2.160000000000000000e+02 1.620600000000000035e-04 0.000000000000000000e+00
2.170000000000000000e+02 1.633799999999999977e-04 0.000000000000000000e+00
2.180000000000000000e+02 1.626200000000000117e-04 0.000000000000000000e+00
2.190000000000000000e+02 1.644999999999999869e-04 0.000000000000000000e+00
2.200000000000000000e+02 1.655999999999999866e-04 0.000000000000000000e+00
2.210000000000000000e+02 1.657999999999999914e-04 0.000000000000000000e+00
2.220000000000000000e+02 1.662799999999999868e-04 0.000000000000000000e+00
2.230000000000000000e+02 1.677299999999999950e-04 0.000000000000000000e+00
2.240000000000000000e+02 1.676100000000000029e-04 0.000000000000000000e+00
2.250000000000000000e+02 1.666000000000000109e-04 0.000000000000000000e+00
2.260000000000000000e+02 1.673300000000000124e-04 0.000000000000000000e+00
2.270000000000000000e+02 1.687000000000000077e-04 0.000000000000000000e+00
2.280000000000000000e+02 1.694800000000000104e-04 0.000000000000000000e+00
2.290000000000000000e+02 1.679700000000000062e-04 0.000000000000000000e+00
2.300000000000000000e+02 1.679200000000000050e-04 0.000000000000000000e+00
2.310000000000000000e+02 1.680399999999999971e-04 0.000000000000000000e+00
2.320000000000000000e+02 1.683199999999999876e-04 0.000000000000000000e+00
2.330000000000000000e+02 1.687799999999999934e-04 0.000000000000000000e+00
2.340000000000000000e+02 1.694099999999999925e-04 0.000000000000000000e+00
2.350000000000000000e+02 1.702100000000000119e-04 0.000000000000000000e+00
2.360000000000000000e+02 1.711799999999999975e-04 0.000000000000000000e+00
2.370000000000000000e+02 1.723200000000000036e-04 0.000000000000000000e+00
2.380000000000000000e+02 1.736300000000000029e-04 0.000000000000000000e+00
2.390000000000000000e+02 1.751099999999999955e-04 0.000000000000000000e+00
2.400000000000000000e+02 1.767600000000000085e-04 0.000000000000000000e+00
2.410000000000000000e+02 1.758599999999999866e-04 0.000000000000000000e+00
2.420000000000000000e+02 1.754299999999999924e-04 0.000000000000000000e+00
2.430000000000000000e+02 1.776399999999999865e-04 0.000000000000000000e+00
2.440000000000000000e+02 1.829699999999999914e-04 0.000000000000000000e+00
2.450000000000000000e+02 1.857200000000000040e-04 0.000000000000000000e+00
2.460000000000000000e+02 1.879399999999999929e-04 0.000000000000000000e+00
2.470000000000000000e+02 1.911199999999999997e-04 0.000000000000000000e+00
2.480000000000000000e+02 1.910100000000000025e-04 0.000000000000000000e+00
2.490000000000000000e+02 1.958300000000000004e-04 0.000000000000000000e+00
2.500000000000000000e+02 2.100899999999999892e-04 0.000000000000000000e+00
2.510000000000000000e+02 2.308599999999999953e-04 0.000000000000000000e+00
2.520000000000000000e+02 5.928700000000000072e-04 0.000000000000000000e+00
2.530000000000000000e+02 4.965899999999999872e-04 0.000000000000000000e+00
2.540000000000000000e+02 3.162800000000000008e-04 0.000000000000000000e+00
2.550000000000000000e+02 2.981300000000000204e-04 0.000000000000000000e+00
2.560000000000000000e+02 2.749499999999999882e-04 0.000000000000000000e+00
2.570000000000000000e+02 2.525299999999999962e-04 0.000000000000000000e+00
2.580000000000000000e+02 2.489699999999999964e-04 0.000000000000000000e+00
2.590000000000000000e+02 2.693600000000000096e-04 0.000000000000000000e+00
2.600000000000000000e+02 2.894600000000000103e-04 0.000000000000000000e+00
2.610000000000000000e+02 3.080900000000000132e-04 0.000000000000000000e+00
2.620000000000000000e+02 3.274299999999999737e-04 0.000000000000000000e+00
2.630000000000000000e+02 3.475199999999999795e-04 0.000000000000000000e+00
2.640000000000000000e+02 3.673600000000000064e-04 0.000000000000000000e+00
2.650000000000000000e+02 3.864900000000000215e-04 0.000000000000000000e+00
2.660000000000000000e+02 4.057500000000000234e-04 0.000000000000000000e+00
2.670000000000000000e+02 4.247799999999999818e-04 0.000000000000000000e+00
2.680000000000000000e+02 4.437500000000000255e-04 0.000000000000000000e+00
2.690000000000000000e+02 4.531100000000000036e-04 0.000000000000000000e+00
2.700000000000000000e+02 4.611199999999999761e-04 0.000000000000000000e+00
2.710000000000000000e+02 4.748999999999999966e-04 0.000000000000000000e+00
2.720000000000000000e+02 4.862399999999999795e-04 0.000000000000000000e+00
2.730000000000000000e+02 4.934400000000000461e-04 0.000000000000000000e+00
2.740000000000000000e+02 4.985200000000000178e-04 0.000000000000000000e+00
2.750000000000000000e+02 4.999899999999999614e-04 0.000000000000000000e+00
2.760000000000000000e+02 5.021399999999999865e-04 0.000000000000000000e+00
2.770000000000000000e+02 5.057599999999999553e-04 0.000000000000000000e+00
2.780000000000000000e+02 5.011599999999999519e-04 0.000000000000000000e+00
2.790000000000000000e+02 5.014299999999999747e-04 0.000000000000000000e+00
2.800000000000000000e+02 4.972299999999999810e-04 0.000000000000000000e+00
2.810000000000000000e+02 4.973300000000000377e-04 0.000000000000000000e+00
2.820000000000000000e+02 4.916599999999999920e-04 0.000000000000000000e+00
2.830000000000000000e+02 4.876300000000000187e-04 0.000000000000000000e+00
2.840000000000000000e+02 4.899400000000000152e-04 0.000000000000000000e+00
2.850000000000000000e+02 4.887199999999999964e-04 0.000000000000000000e+00
2.860000000000000000e+02 4.893599999999999903e-04 0.000000000000000000e+00
2.870000000000000000e+02 4.947900000000000518e-04 0.000000000000000000e+00
2.880000000000000000e+02 5.046099999999999544e-04 0.000000000000000000e+00
2.890000000000000000e+02 5.197500000000000297e-04 0.000000000000000000e+00
2.900000000000000000e+02 5.393400000000000234e-04 0.000000000000000000e+00
2.910000000000000000e+02 5.597399999999999771e-04 0.000000000000000000e+00
2.920000000000000000e+02 5.770999999999999871e-04 0.000000000000000000e+00
2.930000000000000000e+02 5.979699999999999686e-04 0.000000000000000000e+00
2.940000000000000000e+02 6.334599999999999693e-04 0.000000000000000000e+00
2.950000000000000000e+02 6.737099999999999990e-04 0.000000000000000000e+00
2.960000000000000000e+02 7.006300000000000461e-04 0.000000000000000000e+00
2.970000000000000000e+02 7.198200000000000301e-04 0.000000000000000000e+00
2.980000000000000000e+02 7.476299999999999960e-04 0.000000000000000000e+00
2.990000000000000000e+02 7.837500000000000499e-04 0.000000000000000000e+00
3.000000000000000000e+02 8.076399999999999855e-04 0.000000000000000000e+00
3.010000000000000000e+02 8.169699999999999792e-04 0.000000000000000000e+00
3.020000000000000000e+02 8.265300000000000164e-04 0.000000000000000000e+00
3.030000000000000000e+02 8.315599999999999598e-04 0.000000000000000000e+00
3.040000000000000000e+02 8.369000000000000137e-04 0.000000000000000000e+00
3.050000000000000000e+02 8.531199999999999634e-04 0.000000000000000000e+00
3.060000000000000000e+02 8.554800000000000425e-04 0.000000000000000000e+00
3.070000000000000000e+02 8.761399999999999700e-04 0.000000000000000000e+00
3.080000000000000000e+02 9.039599999999999849e-04 0.000000000000000000e+00
3.090000000000000000e+02 9.229200000000000337e-04 0.000000000000000000e+00
3.100000000000000000e+02 9.627700000000000537e-04 0.000000000000000000e+00
3.110000000000000000e+02 1.042560000000000101e-03 0.000000000000000000e+00
3.120000000000000000e+02 1.344630000000000087e-03 0.000000000000000000e+00
3.130000000000000000e+02 5.402370000000000089e-03 0.000000000000000000e+00
3.140000000000000000e+02 3.385708299999999893e-01 0.000000000000000000e+00
3.150000000000000000e+02 -5.984244999999999842e-02 0.000000000000000000e+00
3.160000000000000000e+02 -1.997198000000000029e-02 0.000000000000000000e+00
3.170000000000000000e+02 -1.863286999999999929e-02 0.000000000000000000e+00
3.180000000000000000e+02 -1.710698000000000080e-02 0.000000000000000000e+00
3.190000000000000000e+02 -1.590745000000000006e-02 0.000000000000000000e+00
3.200000000000000000e+02 -1.462887000000000041e-02 0.000000000000000000e+00
