0.036042
0.000180
0.000379
0.000725
0.001052
0.001699
0.002844
0.003670
0.004474
0.004827
0.005195
0.005422
0.005570
0.005614
0.005677
0.005730
0.005660
0.005742
0.005764
0.005844
0.005761
0.005845
0.005764
0.005717
0.005763
0.005751
0.005669
0.005694
0.005938
0.005713
0.005804
0.005916
0.005853
0.005692
0.005739
0.005591
0.005686
0.005673
0.005757
0.005887
0.005625
0.005607
0.005818
0.005743
0.005722
0.005730
0.005670
0.005650
0.005641
0.005737
0.005822
0.005669
0.005640
0.005674
0.005567
0.005819
0.005855
0.005931
0.005734
0.005728
0.005671
0.005688
0.005576
0.005863
0.005615
0.005681
0.005539
0.005684
0.005646
0.005666
0.005591
0.005666
0.005512
0.005600
0.005601
0.005525
0.005765
0.005510
0.005520
0.005518
0.005517
0.005440
0.005478
0.005407
0.005521
0.005382
0.005367
0.005507
0.005456
0.005411
0.005414
0.005350
0.005501
0.005487
0.005472
0.005388
0.005327
0.005408
0.005214
0.005373
0.005312
0.005297
0.005178
0.005102
0.005382
0.005307
0.005173
0.005265
0.005068
0.005228
0.005263
0.005220
0.005049
0.005096
0.005253
0.005174
0.005122
0.005149
0.005244
0.005196
0.005056
0.005187
0.005173
0.005067
0.005212
0.005036
0.005090
0.005005
0.005082
0.004930
0.004908
0.004940
0.005126
0.005111
0.004823
0.004971
0.004948
0.004803
0.004841
0.004664
0.004777
0.004619
0.004288
0.003916
0.004372
0.004356
0.004437
0.004180
0.004130
0.003864
0.003875
0.003754
0.003562
0.003649
0.003524
0.002873
0.002215
0.002206
0.002284
0.002365
0.002252
0.002318
0.002277
0.002085
0.001931
0.001794
0.001756
0.001860
0.001559
0.001599
0.001563
0.001450
0.001321
0.001262
0.001246
0.001361
0.001199
0.001193
0.001097
0.001109
0.001088
0.001006
0.001090
0.001071
0.000981
0.001038
0.000973
0.001074
0.001032
0.001024
0.001064
0.001014
0.000927
0.000989
0.000994
0.000931
0.000888
0.000901
0.000856
0.000865
0.000896
0.000844
0.000785
0.000782
0.000997
0.000850
0.000855
0.000926
0.000879
0.000943
0.000947
0.000924
0.001009
0.000815
0.000815
0.000783
0.000878
0.000796
0.000890
0.000778
0.000936
0.000916
0.000923
0.000934
0.000907
0.000827
0.000940
0.000912
0.000783
0.000977
0.000939
0.000867
0.000897
0.000890
0.000928
0.000898
0.000907
0.000890
0.000922
0.000781
0.000832
0.000931
0.000865
0.000869
0.001026
0.001025
0.000922
0.000919
0.001152
0.001125
0.001097
0.001280
0.001316
0.001376
0.001536
0.001563
0.001824
0.001793
0.001891
0.001956
0.002053
0.002069
0.002144
0.001958
0.002071
0.002196
0.002022
0.002057
0.002070
0.002227
0.002133
0.002159
0.002169
0.002068
0.002073
0.002131
0.002013
0.001987
0.002069
0.002019
0.002050
0.001932
0.001769
0.002013
0.002009
0.001938
0.001932
0.001887
0.001940
0.001911
0.001716
0.001865
0.001739
0.001768
0.001861
0.001735
0.001837
0.001907
0.001700
0.001655
0.001817
0.001620
0.001799
0.001643
0.001648
0.001594
0.001656
0.001527
0.001494
0.001529
0.001416
0.001458
0.001371
0.001285
0.001181
0.001013
0.000936
0.000831
0.000649
0.000509
0.000643
