0.229028
-0.000314
0.000312
0.000958
0.000708
0.001544
0.002864
0.004090
0.005094
0.005189
0.005674
0.006313
0.006479
0.006527
0.006552
0.006440
0.006836
0.006555
0.006349
0.005867
0.006716
0.006879
0.006371
0.006356
0.006547
0.006802
0.006588
0.006305
0.006472
0.005497
0.006471
0.007103
0.007227
0.006283
0.006623
0.006158
0.005744
0.006197
0.006965
0.006872
0.006749
0.006934
0.007012
0.006399
0.005959
0.006592
0.006703
0.006449
0.006653
0.006750
0.006729
0.006985
0.006338
0.005917
0.006616
0.006805
0.006919
0.006275
0.006555
0.007329
0.006326
0.006742
0.006446
0.007470
0.007022
0.006463
0.006924
0.006991
0.006998
0.006985
0.006136
0.006299
0.006828
0.006610
0.007174
0.005690
0.007042
0.006580
0.005754
0.006479
0.006993
0.006340
0.006546
0.006391
0.006586
0.006246
0.005933
0.006279
0.006570
0.006344
0.006635
0.006785
0.006379
0.006520
0.006359
0.006475
0.006345
0.006346
0.006100
0.005955
0.006076
0.005986
0.005981
0.006068
0.005963
0.005621
0.005837
0.005946
0.005793
0.006539
0.006569
0.005486
0.005462
0.005391
0.005924
0.005653
0.005632
0.006259
0.006043
0.005561
0.005578
0.006474
0.006090
0.005801
0.005769
0.005948
0.006052
0.006164
0.005469
0.005000
0.005481
0.005639
0.005650
0.006351
0.004685
0.006260
0.005657
0.005183
0.005846
0.005076
0.005252
0.004966
0.005052
0.005202
0.005133
0.004919
0.005352
0.004605
0.004710
0.003890
0.004844
0.004063
0.003830
0.004347
0.003865
0.003465
0.002889
0.002458
0.002478
0.002754
0.002620
0.002459
0.003435
0.002480
0.001724
0.001834
0.002042
0.002729
0.001253
0.001702
0.001681
0.001657
0.001190
0.001016
0.001487
0.001939
0.001016
0.001353
0.001216
0.001405
0.001479
0.001475
0.000903
0.001550
0.000862
0.000789
0.001083
0.001313
0.001705
0.001249
0.001331
0.001287
0.000771
0.000708
0.000768
0.001263
0.000253
0.000430
0.000760
0.000824
0.000779
0.000919
0.000390
0.000360
0.001294
0.000612
0.000128
0.000728
0.000456
0.000512
0.000880
0.000755
0.001192
0.000555
0.000208
0.000416
0.000126
0.000369
0.000872
-0.000088
0.001374
0.001105
0.000875
0.000520
0.001272
0.000323
0.001172
0.000659
0.000120
0.001210
0.000994
0.000915
0.000898
0.001309
0.000523
0.000686
0.001010
0.001079
0.001170
0.001197
0.000403
0.001391
0.000390
0.000667
0.001400
0.001173
0.000641
0.000390
0.000825
0.000987
0.000767
0.001151
0.001027
0.001068
0.001126
0.001340
0.002036
0.001489
0.001965
0.001876
0.002322
0.002389
0.002860
0.001242
0.002522
0.002529
0.002162
0.002305
0.002292
0.002210
0.002097
0.002493
0.002441
0.002523
0.002468
0.001923
0.002000
0.002004
0.001958
0.002120
0.002235
0.001660
0.001553
0.002174
0.002733
0.002420
0.002017
0.001996
0.001962
0.001749
0.001417
0.002149
0.001996
0.001395
0.002538
0.001998
0.001922
0.002076
0.001563
0.001984
0.002146
0.001927
0.001944
0.001551
0.001790
0.001852
0.001806
0.002507
0.001675
0.001581
0.001598
0.001800
0.001207
0.001790
0.001744
0.000836
0.000808
0.000799
0.000072
0.000191
0.001285
